ENCUT = 520.000000
KSPACING = 0.300000
SIGMA = 0.030000
EDIFF = 1.00e-06
GGA = PE
PREC = Accurate
ISMEAR = 0
NELM = 120
LEPSILON = .TRUE.
