EMAX = 20.000000
EMIN = -20.000000
ENCUT = 520.000000
KSPACING = 0.150000
EDIFF = 1.00e-06
GGA = PE
PREC = Accurate
ICHARG = 11
ISMEAR = -5
ISYM = 0
LORBIT = 11
NELM = 120
NEDOS = 2000
