ENCUT = 520.000000
KSPACING = 0.300000
SIGMA = 0.030000
EDIFF = 1.00e-06
EDIFFG = -1.00e-02
GGA = PE
PREC = Accurate
IBRION = 1
ISIF = 3
ISMEAR = 0
NELM = 120
NSW = 200
